57052271
18479326
20292594
88321692
72017812
82221083
19157696
28472403
12538841
44996024
26122509
18811578
21825875
69708043
44593601
83113071
64961092
51949683
45611365
14678088
71012114
60585644
20818028
42932270
70404050
14696013
74242436
41798811
53645159
81784062
14406039
70699769
30241416
24341775
23417797
32588819
42806243
80358196
11162343
87702612
45574693
43308660
90747434
43498533
15856862
39291907
37866738
93676377
27271977
92132864
45258934
14915184
95206296
80067006
52202837
64598536
89312256
66591202
64223189
47351301
38578815
17891844
74343090
58951351
92025811
34322493
54158350
61459525
22482764
79675890
30473491
91033887
53004256
21796268
76614026
17344192
24502090
56875632
18291414
94255587
20198810
90985219
33626663
84652863
18287284
14856029
38903254
21177129
72451147
74511410
78998757
21092967
50209938
47284882
75855874
33371425
17702737
23911533
13127549
15204510
15729550
13011716
53405988
64761932
86215533
92936188
69362285
75311166
94017324
75406627
68055946
92797671
71794509
62875401
93633736
17606303
56802690
67478050
51043027
10816068
13931597
63958003
88756354
74152871
34853659
86717063
45565967
44978962
28297373
36216902
46385886
35579013
14333845
70471591
11324324
60866460
32758731
86578712
50495474
47847707
17535384
35871565
33487565
18298695
24145404
67111255
42977287
32614632
95476378
41669513
19518961
95193471
93566569
89738919
60953105
38127137
85275322
56888263
75084180
54671618
24681740
87296283
93543192
83225137
93258317
76003836
87145334
79204571
93351358
52326845
10233100
69451957
26197631
24737930
63146676
31375309
86559568
91749589
63045086
77014845
93664822
59027510
65872043
88534699
57191760
68682742
82239081
75932551
32369856
13265175
50247024
59772652
47202752
86204077
50584145
89441579
71401684
43466982
56823300
16861296
26068062
52549797
16757936
69841931
95798009
72632720
41483745
24735974
15306527
24656703
73299406
36594518
13804545
16199848
68035743
73921523
33621814
16972087
70435947
40885696
85721508
39564814
17437589
30638519
54646613
19854690
86658611
69673088
70702527
83547441
82161864
69532410
90864373
31091099
30705322
66611648
16801779
25017110
74362448
34168519
17766616
38505761
70288636
10447403
85754031
86251920
87893441
38995711
42985516
21733031
89911512
20103446
86442574
14796492
40603419
59703281
17419947
45674989
10376107
56931150
87262105
24275215
13108789
59278754
18645244
25936442
16131846
81718615
48468198
74051041
33128070
48894667
17986840
26817693
15948126
84037544
85192004
89938096
88165338
83201760
17903562
52626426
65416449
28602763
82452668
71151277
14719394
77721457
49271937
91618787
91308272
88406641
28128269
76133270
59561467
29447580
64496863
49128078
31553101
15304855